20230111  10:00:00;390,44;390,93;390,22;390,84
20230111  10:05:00;390,84;391,18;390,78;391,01
20230111  10:10:00;391,01;391,07;390,93;391,02
20230111  10:15:00;391,02;391,5;390,98;391,46
20230111  10:20:00;391,46;391,54;391,35;391,46
20230111  10:25:00;391,46;391,61;391,23;391,5
20230111  10:30:00;391,5;391,58;391,3;391,34
20230111  10:35:00;391,34;391,39;391,24;391,26
20230111  10:40:00;391,26;391,44;391,26;391,36
20230111  10:45:00;391,36;391,46;391,31;391,31
20230111  10:50:00;391,31;391,48;391,18;391,43
20230111  10:55:00;391,43;391,46;391,18;391,32
20230111  11:00:00;391,32;391,48;391,31;391,44
20230111  11:05:00;391,44;391,95;391,44;391,78
20230111  11:10:00;391,78;391,84;391,61;391,63
20230111  11:15:00;391,63;391,63;391,4;391,49
20230111  11:20:00;391,49;391,59;391,32;391,41
20230111  11:25:00;391,41;391,59;391,41;391,49
20230111  11:30:00;391,49;391,57;391,36;391,39
20230111  11:35:00;391,39;391,44;391,16;391,24
20230111  11:40:00;391,24;391,28;391,08;391,19
20230111  11:45:00;391,19;391,34;391,13;391,25
20230111  11:50:00;391,25;391,34;391,2;391,34
20230111  11:55:00;391,34;391,34;391,03;391,25
20230111  12:00:00;391,25;391,39;391,2;391,27
20230111  12:05:00;391,27;391,3;391,12;391,17
20230111  12:10:00;391,17;391,32;391,15;391,24
20230111  12:15:00;391,24;391,27;391,13;391,19
20230111  12:20:00;391,19;391,34;391,01;391,27
20230111  12:25:00;391,27;391,29;391,18;391,18
20230111  12:30:00;391,18;391,46;391,18;391,41
20230111  12:35:00;391,41;391,47;391,31;391,43
20230111  12:40:00;391,43;391,8;391,38;391,72
20230111  12:45:00;391,72;391,77;391,53;391,55
20230111  12:50:00;391,55;391,62;391,36;391,52
20230111  12:55:00;391,52;391,55;391,2;391,43
20230111  13:00:00;391,43;391,47;391,27;391,45
20230111  13:05:00;391,45;391,5;391,37;391,41
20230111  13:10:00;391,41;391,43;391,18;391,18
20230111  13:15:00;391,18;391,18;390,85;390,85
20230111  13:20:00;390,85;391,04;390,71;390,98
20230111  13:25:00;390,98;391,07;390,91;391,04
20230111  13:30:00;391,04;391,32;390,95;391,29
20230111  13:35:00;391,29;391,45;391,21;391,32
20230111  13:40:00;391,32;391,39;391,23;391,25
20230111  13:45:00;391,25;391,57;391,17;391,48
20230111  13:50:00;391,48;391,51;391,32;391,35
20230111  13:55:00;391,35;391,41;391,12;391,4
20230111  14:00:00;391,4;391,6;391,37;391,51
20230111  14:05:00;391,51;391,73;391,5;391,69
20230111  14:10:00;391,69;391,84;391,52;391,74
20230111  14:15:00;391,74;391,95;391,67;391,92
20230111  14:20:00;391,92;392,09;391,79;392,04
20230111  14:25:00;392,04;392,08;391,81;391,82
20230111  14:30:00;391,82;391,95;391,67;391,68
20230111  14:35:00;391,68;391,68;391,49;391,63
20230111  14:40:00;391,63;391,92;391,59;391,9
20230111  14:45:00;391,9;392,06;391,84;391,97
20230111  14:50:00;391,97;392,24;391,93;392,2
20230111  14:55:00;392,2;392,25;391,88;392,17
20230111  15:00:00;392,17;392,17;391,77;391,83
20230111  15:05:00;391,83;392,17;391,75;392,11
20230111  15:10:00;392,11;392,16;391,77;391,77
20230111  15:15:00;391,77;392,09;391,77;392,02
20230111  15:20:00;392,02;392,19;391,93;392,13
20230111  15:25:00;392,13;392,5;391,98;392,24
20230111  15:30:00;392,24;392,68;391,79;392,18
20230111  15:35:00;392,18;392,84;392,18;392,62
20230111  15:40:00;392,62;393,14;392,41;392,98
20230111  15:45:00;392,98;393,15;392,61;392,68
20230111  15:50:00;392,68;392,87;392,05;392,3
20230111  15:55:00;392,3;392,55;391,96;392,3
20230111  16:00:00;392,3;392,49;392,02;392,28
20230111  16:05:00;392,28;392,84;392,28;392,77
20230111  16:10:00;392,77;392,92;392,35;392,48
20230111  16:15:00;392,48;392,63;392,15;392,48
20230111  16:20:00;392,48;392,84;392,27;392,63
20230111  16:25:00;392,63;393,07;392,53;393,03
20230111  16:30:00;393,03;393,05;392,16;392,31
20230111  16:35:00;392,31;392,41;391,79;392,12
20230111  16:40:00;392,12;392,37;392,02;392,28
20230111  16:45:00;392,28;392,57;392,27;392,43
20230111  16:50:00;392,43;392,46;391,64;391,91
20230111  16:55:00;391,91;391,93;391,38;391,58
20230111  17:00:00;391,58;391,93;391,51;391,84
20230111  17:05:00;391,84;392,03;391,72;391,91
20230111  17:10:00;391,91;392,43;391,82;392,4
20230111  17:15:00;392,4;392,74;392,39;392,51
20230111  17:20:00;392,51;392,54;392,41;392,43
